Note: [none]
Total # of Iterations:	5000	
Sample size:	78	
Maximum likelihood:	# Parameters:	AIC corr:	AIC:	Slope:	R2:
-90.09184	4	188.7316	188.1837	0.9887352	0.6667493	
Model:	size.MM.model
PDF:	User-defined function
Support interval range:	2

Varying parameters:
Label	MLE	Lower S.I.	Upper S.I.	Std Err	Lower Bound	Upper Bound	Final step size
a	5.736961	4.305895	7.302539	N/A	-10	100	6.704762	
s	0.06157759	0.051111	0.07119225	N/A	1e-05	500	0.03288595	
d	0.08070856	0.03470468	0.1124503	N/A	0	10	10	
sigma	0.0001137381	0	0.1621639	N/A	0	10	2.123852	

Non-varying parameters:
Label	Value
X1	global	
X2	size	
x	meanrg	
mean	predicted	
log	TRUE	


Annealing regime:
Initial temp	Rt	ns	nt
3	0.95	20	100

Variance - Covariance Matrix:
[not calculated]

Source data
radius	global	meanrg	size	predicted	
8.509	11.833	0.49276	6.0452	0.7475781	
10.3632	12.044	0.13208	9.7028	0.788942	
8.4328	10.387	0.21336	7.366	0.6760842	
9.2456	6.109	0.46736	6.9088	0.4126268	
10.2616	10.711	0.47752	7.874	0.6987496	
14.8082	28.96	1.59512	6.8326	1.588654	
12.2174	11.416	0.47752	9.8298	0.7530853	
11.4808	15.222	0.6604	8.1788	0.9546249	
11.2522	15.518	0.81788	7.1628	0.9602029	
13.2334	10.16	0.20828	12.192	0.6902715	
11.43	14.732	0.57404	8.5598	0.9315077	
14.224	40.36	1.4224	7.112	2.031557	
14.7828	50.98	1.98628	4.8514	2.3048	
12.827	13.748	0.97028	7.9756	0.8722989	
16.637	15.848	1.23952	10.4394	1.007833	
16.1798	47.138	1.44272	8.9662	2.300729	
17.9832	74.796	3.1242	2.3622	2.738281	
14.6812	44.435	1.07188	9.3218	2.218356	
17.3482	16.323	0.80772	13.3096	1.053998	
21.717	32.308	1.94564	11.9888	1.805109	
17.6276	16.106	0.41656	15.5448	1.055189	
18.5928	27.194	1.07696	13.208	1.596366	
17.4244	67.789	2.24536	6.1976	2.799464	
23.114	19.982	1.4986	15.621	1.26478	
20.8534	12.254	0.56896	18.0086	0.842099	
20.2438	14.907	1.00584	15.2146	0.9857617	
19.7358	41.24	2.0574	9.4488	2.110094	
15.9258	63.641	1.62052	7.8232	2.748882	
24.3586	80.692	3.2512	8.1026	3.152467	
25.3238	26.212	0.72136	21.717	1.614907	
18.8214	42.82	1.66116	10.5156	2.184258	
27.2288	74.824	3.76936	8.382	3.033615	
21.1582	61.231	2.1082	10.6172	2.753094	
22.6314	16.157	1.00076	17.6276	1.068828	
21.4376	29.873	1.5494	13.6906	1.720424	
20.193	11.127	0.508	17.653	0.771671	
21.336	52.91	2.56032	8.5344	2.470548	
25.9334	8.975	1.08204	20.5232	0.6433155	
21.5138	24.985	1.23444	15.3416	1.51228	
27.6098	17.935	0.74676	23.876	1.196402	
29.1084	12.089	1.8542	19.8374	0.8385831	
30.353	50.509	3.28676	13.9192	2.49441	
26.1366	52.76	1.8796	16.7386	2.603859	
25.654	93.819	3.0988	10.16	3.470803	
24.3078	45.207	2.71272	10.7442	2.270176	
25.146	62.882	2.8702	10.795	2.801166	
24.6888	13.201	1.33096	18.034	0.8992028	
23.241	12.469	0.85852	18.9484	0.858648	
28.2702	14.843	1.30048	21.7678	1.010916	
27.7622	63.001	1.62052	19.6596	2.943348	
29.1338	60.12	3.23596	12.954	2.7668	
30.1498	66.339	3.00228	15.1384	2.971105	
25.0698	11.559	1.07188	19.7104	0.8054586	
26.7462	19.961	1.51892	19.1516	1.28464	
23.2664	90.331	2.5146	10.6934	3.419379	
26.3144	33.372	2.61112	13.2588	1.863964	
26.416	14.269	1.20904	20.3708	0.9717986	
31.6992	64.492	3.30708	15.1638	2.922618	
34.163	68.703	3.57632	16.2814	3.049908	
32.6644	80.005	2.59588	19.685	3.371093	
27.8384	14.136	1.36652	21.0058	0.9663249	
31.0388	66.593	1.97612	21.1582	3.059297	
34.0868	85.269	4.11988	13.4874	3.382104	
30.3022	65.889	2.9718	15.4432	2.964065	
41.9862	57.108	3.13436	26.3144	2.838675	
33.1724	14.692	1.37668	26.289	1.017412	
34.8488	60.567	4.2164	13.7668	2.792951	
33.2232	33.721	1.75768	24.4348	1.973277	
40.6146	53.231	2.85496	26.3398	2.716244	
43.5356	44.508	3.24104	27.3304	2.422236	
39.7256	72.269	5.22224	13.6144	3.094061	
36.4998	54.15	2.60604	23.4696	2.720451	
44.323	79.398	4.10972	23.7744	3.40882	
42.8244	58.772	5.19684	16.8402	2.787158	
46.0248	35.965	2.98704	31.0896	2.108613	
48.5902	77.07	2.67208	35.2298	3.462293	
59.2328	86.741	2.06248	48.9204	3.786288	
8.636	11.241	0.19812	7.6454	0.7278696	

Likelihood History
Iteration	Temperature	Likelihood
0	3	-353.1545	
0.5	3	-332.7204	
1.5	3	-318.2218	
2.75	3	-178.2528	
4	3	-163.9529	
5.5	3	-116.354	
5.75	3	-99.17364	
6.25	3	-94.25064	
10.25	3	-94.24791	
11	3	-93.67373	
225.5	3	-93.66605	
278	3	-91.30152	
284.75	3	-91.16994	
287.75	3	-90.90549	
288	3	-90.90437	
290.5	3	-90.73522	
621.75	3	-90.56663	
622	3	-90.56663	
634.75	3	-90.5391	
843.75	3	-90.09184	
1000	3	-90.09184	
2000	2.85	-90.09184	
3000	2.85	-90.09184	
4000	2.7075	-90.09184	
5000	2.7075	-90.09184	
