Note: [none]
Total # of Iterations:	5000	
Sample size:	78	
Maximum likelihood:	# Parameters:	AIC corr:	AIC:	Slope:	R2:
-81.46877	4	171.4855	170.9375	1.008106	0.6669908	
Model:	size.MM.model
PDF:	dnorm
Support interval range:	2

Varying parameters:
Label	MLE	Lower S.I.	Upper S.I.	Std Err	Lower Bound	Upper Bound	Final step size
a	5.394907	4.617264	6.648791	N/A	-10	1e+05	3.628111	
s	0.06373236	0.05736013	0.07273122	N/A	1e-05	500	0.03421853	
d	0.07460254	0.04849165	0.1031397	N/A	0	10	8	
sd	0.7105848	0.589787	0.8105138	N/A	1e-05	1000	0.2765822	

Non-varying parameters:
Label	Value
X1	global	
X2	size	
x	meanrg	
mean	predicted	
log	TRUE	


Annealing regime:
Initial temp	Rt	ns	nt
3	0.95	20	100

Variance - Covariance Matrix:
[not calculated]

Source data
radius	global	meanrg	size	predicted	
8.509	11.833	0.49276	6.0452	0.7567038	
10.3632	12.044	0.13208	9.7028	0.7961279	
8.4328	10.387	0.21336	7.366	0.6843555	
9.2456	6.109	0.46736	6.9088	0.4194583	
10.2616	10.711	0.47752	7.874	0.7068127	
14.8082	28.96	1.59512	6.8326	1.587196	
12.2174	11.416	0.47752	9.8298	0.7602864	
11.4808	15.222	0.6604	8.1788	0.9618414	
11.2522	15.518	0.81788	7.1628	0.9680206	
13.2334	10.16	0.20828	12.192	0.696707	
11.43	14.732	0.57404	8.5598	0.9386521	
14.224	40.36	1.4224	7.112	2.016291	
14.7828	50.98	1.98628	4.8514	2.281378	
12.827	13.748	0.97028	7.9756	0.8800628	
16.637	15.848	1.23952	10.4394	1.013443	
16.1798	47.138	1.44272	8.9662	2.272732	
17.9832	74.796	3.1242	2.3622	2.698365	
14.6812	44.435	1.07188	9.3218	2.193626	
17.3482	16.323	0.80772	13.3096	1.057905	
21.717	32.308	1.94564	11.9888	1.793683	
17.6276	16.106	0.41656	15.5448	1.058275	
18.5928	27.194	1.07696	13.208	1.590245	
17.4244	67.789	2.24536	6.1976	2.748848	
23.114	19.982	1.4986	15.621	1.264779	
20.8534	12.254	0.56896	18.0086	0.8464177	
20.2438	14.907	1.00584	15.2146	0.9897024	
19.7358	41.24	2.0574	9.4488	2.089676	
15.9258	63.641	1.62052	7.8232	2.699334	
24.3586	80.692	3.2512	8.1026	3.077645	
25.3238	26.212	0.72136	21.717	1.604842	
18.8214	42.82	1.66116	10.5156	2.160011	
27.2288	74.824	3.76936	8.382	2.966338	
21.1582	61.231	2.1082	10.6172	2.700855	
22.6314	16.157	1.00076	17.6276	1.071089	
21.4376	29.873	1.5494	13.6906	1.710615	
20.193	11.127	0.508	17.653	0.7764604	
21.336	52.91	2.56032	8.5344	2.435002	
25.9334	8.975	1.08204	20.5232	0.6479271	
21.5138	24.985	1.23444	15.3416	1.50725	
27.6098	17.935	0.74676	23.876	1.195098	
29.1084	12.089	1.8542	19.8374	0.8425022	
30.353	50.509	3.28676	13.9192	2.453727	
26.1366	52.76	1.8796	16.7386	2.556023	
25.654	93.819	3.0988	10.16	3.371555	
24.3078	45.207	2.71272	10.7442	2.242097	
25.146	62.882	2.8702	10.795	2.74604	
24.6888	13.201	1.33096	18.034	0.9030999	
23.241	12.469	0.85852	18.9484	0.8626292	
28.2702	14.843	1.30048	21.7678	1.012792	
27.7622	63.001	1.62052	19.6596	2.874754	
29.1338	60.12	3.23596	12.954	2.712154	
30.1498	66.339	3.00228	15.1384	2.902995	
25.0698	11.559	1.07188	19.7104	0.8096154	
26.7462	19.961	1.51892	19.1516	1.28306	
23.2664	90.331	2.5146	10.6934	3.323579	
26.3144	33.372	2.61112	13.2588	1.849895	
26.416	14.269	1.20904	20.3708	0.9744413	
31.6992	64.492	3.30708	15.1638	2.857478	
34.163	68.703	3.57632	16.2814	2.976215	
32.6644	80.005	2.59588	19.685	3.273961	
27.8384	14.136	1.36652	21.0058	0.9688745	
31.0388	66.593	1.97612	21.1582	2.982792	
34.0868	85.269	4.11988	13.4874	3.287231	
30.3022	65.889	2.9718	15.4432	2.896225	
41.9862	57.108	3.13436	26.3144	2.773864	
33.1724	14.692	1.37668	26.289	1.018247	
34.8488	60.567	4.2164	13.7668	2.736303	
33.2232	33.721	1.75768	24.4348	1.950699	
40.6146	53.231	2.85496	26.3398	2.658443	
43.5356	44.508	3.24104	27.3304	2.37947	
39.7256	72.269	5.22224	13.6144	3.018987	
36.4998	54.15	2.60604	23.4696	2.66341	
44.323	79.398	4.10972	23.7744	3.30739	
42.8244	58.772	5.19684	16.8402	2.72916	
46.0248	35.965	2.98704	31.0896	2.078824	
48.5902	77.07	2.67208	35.2298	3.353595	
59.2328	86.741	2.06248	48.9204	3.649742	
8.636	11.241	0.19812	7.6454	0.7360675	

Likelihood History
Iteration	Temperature	Likelihood
0	3	-197148.4	
0.5	3	-115936.2	
0.75	3	-69127.18	
1.75	3	-437.5112	
2.5	3	-381.2699	
3.5	3	-161.6299	
5.5	3	-96.82726	
5.75	3	-90.29053	
11	3	-82.27449	
136	3	-81.7409	
229.25	3	-81.46877	
1000	3	-81.46877	
2000	2.85	-81.46877	
3000	2.85	-81.46877	
4000	2.7075	-81.46877	
5000	2.7075	-81.46877	
